QC MPO site   0 / 7
QC MPO site   1 / 7
QC MPO site   2 / 7
QC MPO site   3 / 7
QC MPO site   4 / 7
QC MPO site   5 / 7
QC MPO site   6 / 7
MPO (compressed) =  1|16|46|92|60|54|16|1 (    +9.81948)
Sweep =    0 | Direction =  forward | BondDim =  200 | Noise = 1.00E-06 | DavThrd = 1.00E-03
 --> Site =    0-   1 .. Mmps =    4 Ndav =   14 E =     -73.196889017372 DW = 0.00E+00 FLOPS = 4.20E+06 Tdav =    0.013 T =    0.038 MEM =  111 MB
 --> Site =    1-   2 .. Mmps =   16 Ndav =   13 E =     -73.508854404986 DW = 0.00E+00 FLOPS = 7.58E+07 Tdav =    0.018 T =    0.029 MEM =  113 MB
 --> Site =    2-   3 .. Mmps =   63 Ndav =   16 E =     -74.133784746936 DW = 1.03E-15 FLOPS = 1.26E+08 Tdav =    0.056 T =    0.079 MEM =  115 MB
 --> Site =    3-   4 .. Mmps =  146 Ndav =   15 E =     -74.513037441990 DW = 6.32E-14 FLOPS = 1.53E+08 Tdav =    0.038 T =    0.079 MEM =  117 MB
 --> Site =    4-   5 .. Mmps =  200 Ndav =    1 E =     -74.513037441991 DW = 1.10E-13 FLOPS = 1.35E+08 Tdav =    0.004 T =    0.152 MEM =  126 MB
 --> Site =    5-   6 .. Mmps =   55 Ndav =    1 E =     -74.513037441991 DW = 6.61E-15 FLOPS = 5.30E+07 Tdav =    0.002 T =    0.268 MEM =  152 MB
Time elapsed =      0.645 | E =  -74.513037441990662 | DE = 0.00E+00 | MDW = 1.10E-13 | MEM =  152 MB
Time sweep =      0.645 | Time davidson =      0.130 | Time decomp =      0.151
Sweep =    1 | Direction = backward | BondDim =  200 | Noise = 0.00E+00 | DavThrd = 1.00E-07
 <-- Site =    5-   6 .. Mmps =    4 Ndav =   41 E =     -74.890237052427 DW = 0.00E+00 FLOPS = 5.43E+07 Tdav =    0.064 T =    0.141 MEM =  157 MB
 <-- Site =    4-   5 .. Mmps =   16 Ndav =   29 E =     -74.931915946954 DW = 0.00E+00 FLOPS = 2.03E+08 Tdav =    0.084 T =    0.146 MEM =  151 MB
 <-- Site =    3-   4 .. Mmps =   19 Ndav =    9 E =     -74.931918959699 DW = 4.29E-18 FLOPS = 1.53E+08 Tdav =    0.023 T =    0.041 MEM =  142 MB
 <-- Site =    2-   3 .. Mmps =   29 Ndav =    1 E =     -74.931918959699 DW = 2.74E-18 FLOPS = 3.58E+07 Tdav =    0.006 T =    0.017 MEM =  142 MB
 <-- Site =    1-   2 .. Mmps =   16 Ndav =    1 E =     -74.931918959699 DW = 2.79E-17 FLOPS = 2.55E+07 Tdav =    0.003 T =    0.014 MEM =  142 MB
 <-- Site =    0-   1 .. Mmps =    4 Ndav =    1 E =     -74.931918959699 DW = 1.15E-17 FLOPS = 2.79E+06 Tdav =    0.001 T =    0.009 MEM =  142 MB
Time elapsed =      1.014 | E =  -74.931918959698748 | DE = 4.19E-01 | MDW = 2.79E-17 | MEM =  157 MB
Time sweep =      0.369 | Time davidson =      0.181 | Time decomp =      0.003
Sweep =    2 | Direction =  forward | BondDim =  200 | Noise = 0.00E+00 | DavThrd = 1.00E-07
 --> Site =    0-   1 .. Mmps =    4 Ndav =    1 E =     -74.931918959699 DW = 0.00E+00 FLOPS = 2.80E+06 Tdav =    0.001 T =    0.004 MEM =  142 MB
 --> Site =    1-   2 .. Mmps =   16 Ndav =    1 E =     -74.931918959699 DW = 0.00E+00 FLOPS = 2.55E+07 Tdav =    0.003 T =    0.009 MEM =  142 MB
 --> Site =    2-   3 .. Mmps =   29 Ndav =    1 E =     -74.931918959699 DW = 4.64E-23 FLOPS = 3.59E+07 Tdav =    0.006 T =    0.014 MEM =  142 MB
 --> Site =    3-   4 .. Mmps =   19 Ndav =    1 E =     -74.931918959699 DW = 8.46E-19 FLOPS = 4.90E+07 Tdav =    0.006 T =    0.019 MEM =  142 MB
 --> Site =    4-   5 .. Mmps =   16 Ndav =    1 E =     -74.931918959699 DW = 1.35E-19 FLOPS = 1.62E+07 Tdav =    0.003 T =    0.015 MEM =  142 MB
 --> Site =    5-   6 .. Mmps =    4 Ndav =    1 E =     -74.931918959699 DW = 3.36E-17 FLOPS = 2.87E+06 Tdav =    0.001 T =    0.008 MEM =  142 MB
Time elapsed =      1.085 | E =  -74.931918959698706 | DE = 4.26E-14 | MDW = 3.36E-17 | MEM =  142 MB
Time sweep =      0.070 | Time davidson =      0.021 | Time decomp =      0.003
Energy(Ground State) =     -74.931918959699
MPS energy =  -74.93191895969873
MPS norm =  1.0
DMRG:  DMRG Energy =  -74.931918959698706
---------------------Save_MPS----------------------
MPS after(bond dim):  1|4|16|29|19|16|4|1
  0 (Q=) (< N=0 SZ=0 PG=0 >, < N=2 SZ=0 PG=0 >, < N=2 SZ=0 PG=0 >) (R=) array([[[1.]]])
  1 (Q=) (< N=0 SZ=0 PG=0 >, < N=1 SZ=-1/2 PG=0 >, < N=1 SZ=-1/2 PG=0 >) (R=) array([[[1.]]])
  2 (Q=) (< N=0 SZ=0 PG=0 >, < N=0 SZ=0 PG=0 >, < N=0 SZ=0 PG=0 >) (R=) array([[[1.]]])
  3 (Q=) (< N=0 SZ=0 PG=0 >, < N=1 SZ=1/2 PG=0 >, < N=1 SZ=1/2 PG=0 >) (R=) array([[[1.]]])
1PDM calculated from classical MPS:
[[ 1.99999624e+00 -2.15948680e-05 -2.84872972e-11 -7.73644270e-05
  -2.58010996e-17  8.84393547e-05 -3.82798134e-10]
 [-2.15948680e-05  1.99338711e+00  6.89743495e-11  8.79200955e-03
   2.24692459e-15 -7.01051439e-03 -5.32903918e-09]
 [-2.84872972e-11  6.89743495e-11  1.97391091e+00 -4.41242981e-10
  -9.41709379e-15 -8.41259180e-11 -1.57130531e-02]
 [-7.73644270e-05  8.79200955e-03 -4.41242981e-10  1.98251380e+00
  -3.04988202e-15 -1.04953288e-02 -5.48870057e-09]
 [-2.58010996e-17  2.24692459e-15 -9.41709379e-15 -3.04988202e-15
   1.99850304e+00  7.77404115e-14  1.20814033e-13]
 [ 8.84393547e-05 -7.01051439e-03 -8.41259180e-11 -1.04953288e-02
   7.77404115e-14  2.32196045e-02  3.69790299e-10]
 [-3.82798134e-10 -5.32903918e-09 -1.57130531e-02 -5.48870057e-09
   1.20814033e-13  3.69790299e-10  2.84693002e-02]]
MPS after(bond dim):  1|4|16|29|19|16|4|1
----------------------Now_QC_part------------------------
-----------------------Quantum_Circuit----------------------
Keys in MPS data: ['n_sites', 'bond_dims', 'tensors', 'q_labels', 'energy', 'pdm1']

Stored MPS energy: -74.93191896

1-PDM from MPS data (shape: (7, 7)):
[[ 1.99999624e+00 -2.15948680e-05 -2.84872972e-11 -7.73644270e-05
  -2.58010996e-17  8.84393547e-05 -3.82798134e-10]
 [-2.15948680e-05  1.99338711e+00  6.89743495e-11  8.79200955e-03
   2.24692459e-15 -7.01051439e-03 -5.32903918e-09]
 [-2.84872972e-11  6.89743495e-11  1.97391091e+00 -4.41242981e-10
  -9.41709379e-15 -8.41259180e-11 -1.57130531e-02]
 [-7.73644270e-05  8.79200955e-03 -4.41242981e-10  1.98251380e+00
  -3.04988202e-15 -1.04953288e-02 -5.48870057e-09]
 [-2.58010996e-17  2.24692459e-15 -9.41709379e-15 -3.04988202e-15
   1.99850304e+00  7.77404115e-14  1.20814033e-13]
 [ 8.84393547e-05 -7.01051439e-03 -8.41259180e-11 -1.04953288e-02
   7.77404115e-14  2.32196045e-02  3.69790299e-10]
 [-3.82798134e-10 -5.32903918e-09 -1.57130531e-02 -5.48870057e-09
   1.20814033e-13  3.69790299e-10  2.84693002e-02]]
Trace of 1-PDM: 10.000000

Energy components calculated from MPS 1-PDM:
One-electron energy: -123.10161270
Two-electron energy: 38.47129623
Nuclear repulsion:   9.81947651
Total energy:        -74.81083996
Difference from MPS energy: 0.12107900
